% SKU CoE ITE - ParkSooYoung
% Grade 3 , Semester 1 , Chapter 1-2-1 , Number 1

A = [1 2 3; 4 5 6; 7 8 9]

A = [1 2 3; 4 5 6; 7 8 9];
A = [1 2 3; 4 5 6; 7 8 9]
